#    Radius    Radius     Vsys      Vrot      Vexp       P.A.     Incl.   Xcenter   Ycenter
#    [pix]     [arcs]    [KM/S]    [KM/S]    [KM/S]     [deg]     [deg]    [pix]     [pix] 
      2.00      1.39     34.91     55.34      0.00    215.33     45.00     17.61     17.42
      3.00      2.08     47.82     98.87      0.00    212.01     45.00     18.72     17.30
      4.00      2.78     17.70    150.35      0.00    222.32     45.00     17.08     17.72
      5.00      3.47    -43.58    179.45      0.00    213.46     45.00     16.02     19.95
      6.00      4.17      6.22    217.13      0.00    210.66     45.00     16.93     17.81
      7.00      4.86     -5.12    231.33      0.00    207.82     45.00     16.85     18.36
      8.00      5.56      8.85    249.42      0.00    206.81     45.00     16.77     17.53
      9.00      6.25      4.67    257.21      0.00    205.60     45.00     16.91     18.19
     10.00      6.94      8.75    264.71      0.00    205.01     45.00     17.10     17.71
     11.00      7.64      1.09    272.83      0.00    201.40     45.00     16.91     18.68
     12.00      8.33     11.09    284.97      0.00    209.06     45.00     17.48     17.51
